0 106 5 4
1 108 5 4
2 124 32 32
3 117 5 4
4 98 5 4
5 94 6 4
6 174 52 6
7 107 5 4
8 124 5 4
9 99 8 7
10 120 20 18
11 105 5 4
12 142 5 4
13 129 5 4
14 185 67 8
15 166 83 203
16 104 11 7
17 102 5 4
18 245 146 4
19 94 6 4
20 148 21 21
21 194 23 22
22 102 9 4
23 184 37 37
24 99 5 4
25 157 23 23
26 110 7 4
27 156 19 19
28 104 5 4
29 227 5 4
30 106 5 4
31 118 18 18
32 148 23 23
33 131 5 4
34 159 16 16
35 117 55 5
36 108 5 4
37 123 14 14
38 138 5 4
39 99 7 6
40 77 7 6
41 162 42 4
42 101 6 5
43 125 5 4
44 95 5 4
45 135 9 8
46 124 18 18
47 98 5 4
48 110 8 6
49 94 6 4
50 60 3 2
51 96 6 5
52 95 6 6
53 158 6 4
54 158 48 4
55 122 22 22
56 108 5 4
57 101 5 4
58 202 5 4
59 106 11 10
60 93 5 4
61 100 7 6
62 135 6 5
63 64 2 1
64 104 13 13
65 121 25 44
66 110 6 4
67 126 32 7
68 63 2 1
69 276 5 4
70 98 8 8
71 123 13 13
72 119 3 2
73 121 6 5
74 98 7 6
75 123 33 4
76 130 24 8
77 124 18 18
78 93 5 4
79 182 25 44
80 117 10 8
81 95 5 4
82 73 3 2
83 93 5 4
84 96 6 5
85 281 5 4
86 93 5 4
87 96 5 4
88 123 24 24
89 55 2 1
90 94 5 4
91 93 5 4
92 95 5 4
93 98 5 4
94 83 4 3
95 126 19 18
96 65 6 4
97 55 1 0
98 105 5 4
99 134 10 8
100 97 7 5
101 100 7 8
102 94 6 4
103 104 7 6
104 122 5 4
105 110 6 4
106 96 6 4
107 99 11 4
108 54 2 1
109 177 12 10
110 96 5 4
111 110 20 20
112 93 5 4
113 113 5 4
114 95 6 5
115 206 14 14
116 97 6 4
117 101 5 4
118 95 6 4
119 93 5 4
120 96 5 4
121 259 66 4
122 69 1 0
123 126 5 4
124 114 8 6
125 106 18 18
126 218 10 8
127 129 21 21
128 94 6 4
129 113 7 6
130 136 10 8
131 94 6 4
132 101 13 12
133 101 6 4
134 78 17 17
135 96 5 4
136 111 5 4
137 97 4 3
138 99 5 4
139 95 6 6
140 239 7 4
141 37 2 1
142 97 8 4
143 110 5 4
144 240 18 14
145 95 5 4
146 118 6 6
147 94 6 4
148 197 6 4
149 99 8 8
150 102 9 8
151 94 6 5
152 112 5 4
153 78 5 4
154 152 13 11
155 367 26 25
156 163 72 72
157 115 18 16
158 96 6 5
159 104 14 14
160 198 6 5
161 98 6 4
162 527 5 4
163 134 10 8
164 123 25 6
165 115 13 4
166 93 5 4
167 95 35 64
168 157 5 4
169 186 6 5
170 103 6 5
171 98 7 6
172 95 6 5
173 96 6 5
174 105 10 4
175 96 6 5
176 139 31 33
177 96 6 5
178 96 7 5
179 113 7 6
180 111 20 21
181 111 5 4
182 96 5 4
183 140 10 8
184 93 5 4
185 97 5 4
186 94 6 4
187 193 13 12
188 95 6 5
189 147 5 4
190 98 5 4
191 184 5 4
192 160 10 8
193 104 5 4
194 95 6 4
195 105 5 4
196 224 5 4
197 94 5 4
198 407 10 8
199 93 5 4
